0 0.373015873015873 0.458994708994709 0.39384920634920634 0.46164021164021163 0.4146825396825397 0.49206349206349204 0.41865079365079366 0.5066137566137566 0.42063492063492064 0.5555555555555556 0.4156746031746032 0.593915343915344 0.4037698412698413 0.6124338624338624 0.3948412698412698 0.6177248677248677 0.37896825396825395 0.6124338624338624 0.36607142857142855 0.5965608465608465 0.3402777777777778 0.5423280423280423 0.3343253968253968 0.5171957671957672 0.33630952380952384 0.4669312169312169 0.3492063492063492 0.4603174603174603
0 0.439484126984127 0.32671957671957674 0.4583333333333333 0.32671957671957674 0.4742063492063492 0.3412698412698413 0.48214285714285715 0.38095238095238093 0.49503968253968256 0.414021164021164 0.49107142857142855 0.44312169312169314 0.4781746031746032 0.4722222222222222 0.46130952380952384 0.49074074074074076 0.4444444444444444 0.49867724867724866 0.4255952380952381 0.4973544973544973 0.4097222222222222 0.4894179894179894 0.4007936507936508 0.4775132275132275 0.39285714285714285 0.455026455026455 0.3998015873015873 0.37433862433862436 0.4166666666666667 0.3412698412698413
0 0.5168650793650794 0.335978835978836 0.5466269841269841 0.3386243386243386 0.5595238095238095 0.3492063492063492 0.5694444444444444 0.3664021164021164 0.5744047619047619 0.38095238095238093 0.5783730158730159 0.42592592592592593 0.566468253968254 0.4444444444444444 0.5505952380952381 0.4497354497354497 0.5347222222222222 0.4470899470899471 0.5138888888888888 0.43386243386243384 0.5029761904761905 0.42063492063492064 0.4990079365079365 0.3941798941798942 0.49107142857142855 0.38227513227513227 0.48908730158730157 0.36772486772486773 0.5049603174603174 0.3425925925925926
0 0.6061507936507936 0.33201058201058203 0.6349206349206349 0.3373015873015873 0.6607142857142857 0.3664021164021164 0.6597222222222222 0.4060846560846561 0.6507936507936508 0.43253968253968256 0.6428571428571429 0.44047619047619047 0.6160714285714286 0.44047619047619047 0.5892857142857143 0.42592592592592593 0.5813492063492064 0.4113756613756614 0.5833333333333334 0.36772486772486773 0.5952380952380952 0.3412698412698413
0 0.6815476190476191 0.18915343915343916 0.7123015873015873 0.19444444444444445 0.7291666666666666 0.20634920634920634 0.7440476190476191 0.2261904761904762 0.7559523809523809 0.2619047619047619 0.7559523809523809 0.28174603174603174 0.7509920634920635 0.2923280423280423 0.7361111111111112 0.30158730158730157 0.7003968253968254 0.30687830687830686 0.6746031746031746 0.29894179894179895 0.6597222222222222 0.2857142857142857 0.6517857142857143 0.26851851851851855 0.6537698412698413 0.22883597883597884 0.6636904761904762 0.20634920634920634
0 0.6492504409171077 0.4614932392710171 0.6580687830687831 0.49235743680188127 0.6723985890652557 0.4982363315696649 0.6878306878306878 0.4997060552616108 0.6845238095238095 0.47178130511463845 0.6723985890652557 0.4467960023515579 0.6624779541446209 0.44238683127572026
0 0.8542768959435626 0.3159905937683715 0.8487654320987658 0.360082304526749 0.8575837742504413 0.358612580834803 0.8741181657848327 0.35126396237507346 0.8719135802469137 0.32921810699588483
0 0.0628306878306878 0.20429159318048212 0.06393298059964733 0.2278071722516167 0.07605820105820105 0.2557319223985891 0.09920634920634921 0.2616108171663728 0.12125220458553795 0.25279247501469726 0.1223544973544974 0.22927689594356265 0.11794532627865972 0.21017048794826576 0.10692239858906534 0.19547325102880664 0.09479717813051154 0.18812463256907705
0 0.14660493827160498 0.171957671957672 0.14219576719576724 0.19547325102880658 0.1565255731922399 0.20135214579659025 0.1664462081128749 0.2087007642563198 0.1884920634920635 0.2042915931804821 0.19510582010582006 0.18371546149323928 0.17636684303350975 0.17048794826572605 0.15101410934744264 0.16313932980599644
0 0.1653439153439153 0.09700176366843034 0.13888888888888895 0.10141093474426813 0.12786596119929455 0.120517342739565 0.1355820105820106 0.1410934744268078 0.1609347442680776 0.14109347442680778 0.19290123456790131 0.13521457965902411 0.21274250440917114 0.1469723691945915 0.2182539682539683 0.11904761904761912 0.2017195767195769 0.10288065843621406
0 0.17085537918871246 0.07789535567313348 0.1785714285714287 0.0940623162845385 0.20282186948853623 0.10288065843621398 0.21715167548500883 0.11757789535567317 0.2226631393298061 0.1352145796590241 0.24140211640211645 0.11169900058788954 0.2469135802469136 0.08818342151675491 0.2447089947089948 0.07054673721340389 0.2303791887125221 0.06172839506172842 0.1984126984126985 0.06172839506172842 0.18408289241622586 0.06760728982951206
0 0.7131834215167548 0.07789535567313348 0.7153880070546738 0.11316872427983543 0.7197971781305116 0.1352145796590241 0.7319223985890653 0.13815402704291596 0.7451499118165784 0.11904761904761908 0.7572751322751322 0.09700176366843034 0.7462522045855379 0.07348618459729572 0.7220017636684304 0.07348618459729575
0 0.24470899470899468 0.08083480305702528 0.2535273368606702 0.10141093474426807 0.2733686067019401 0.120517342739565 0.29100529100529104 0.12639623750734863 0.2965167548500883 0.10435038212815993 0.29100529100529116 0.08230452674897121 0.27447089947089953 0.06613756613756618